image: 6floor.pgm
resolution: 0.050000
origin: [-29.157916, -19.150000, 0.000000]
negate: 0
occupied_thresh: 0.65
free_thresh: 0.196

